,FLT3,FANCL,SYK,CEP76,ELF3,JAK2,CCNE1,TPX2,GSK3B
MB-0316,5.622405159,6.793866923,8.662664094,5.440718016,10.24427105,6.518915355,9.59296067,8.001308233,9.068793832
MB-0658,5.523288022999999,6.8366213920000005,8.499793221000001,5.610107662000001,8.085708078,6.168093664,7.769599189,7.522199061,8.256037735
MB-0420,5.467531522000001,7.655421694,8.642398177999999,5.339833395,9.546694925,6.110236641,7.173925464,7.680079681,8.423460317
MB-0906,5.853078217999999,6.497814176,9.320993101000001,5.304841906,8.292380758,6.525996683,6.7680246870000005,7.025268646000002,8.976738757
MB-0249,5.464978127999999,6.764461676,7.783625294,5.34072991,9.761504936,6.009418732,7.476045541,6.816730308,9.326447814
MB-0660,5.499014601,6.198748577000001,7.820686447000001,5.635660929,10.11586054,5.804419012,7.237005343,7.324280546000002,10.15190795
MB-0653,5.35861922,7.781704459,8.265283618,5.477539904,9.232175958,6.193913412000001,8.104508903,7.846955031,9.021871751
MB-0540,7.104938722000001,6.8306852839999985,9.845409948,5.485096931,5.670276638,7.349877322,5.55786185,5.58231412,7.625776237999999
MB-0157,5.666622892,6.638986068,8.774610867,5.656020815,8.123064728,6.576576593,7.974450892,8.281075926,8.802717457
MB-0292,5.241380964,6.86707465,7.962375727,5.5509212670000005,9.481270514,5.908204074,7.161189702000001,7.671848487999999,8.678542978
MB-0401,5.672432388,7.321924877000001,8.9594791,5.514115274,7.241546592000001,6.038430074,7.084029143,7.197450396,7.593981319
MB-0453,5.134289014,6.742052972000001,7.470595376,5.543371482,8.320562022999999,6.077410633,6.322086207000001,7.542935442999999,8.941639131
MB-0372,6.4711030360000015,7.507730857,8.281312574,5.697866407,7.789478927,6.578460592999999,8.051104797999999,7.923992419,7.525050855
MB-0164,5.445694453,6.64318516,8.902423605,5.652172056,9.993775115,6.349050675,8.724107678,7.678204871,9.21233435
MB-0516,5.614750181000002,8.035792342,7.759352283999998,5.674828741000002,9.513563611,6.068860536,7.892224351,8.134108708,9.496696772
MB-0494,5.929530474,6.516921512000001,9.300473147,5.514318527,8.563243065,6.924814686,10.70137863,7.641860595,8.945776521
MB-0221,5.644858055,7.24989469,7.829525971,5.447755777999999,9.306494911,5.819872973,7.201250844,7.53981942,9.336609464
MB-0659,5.905421279,7.48873772,7.298901977000001,5.7182054189999985,9.482463988,5.985532649,6.081379719,5.739054792999999,7.666581486
MB-0352,5.5418118660000015,6.9487073000000015,8.748051787,5.477099807,9.691699327,7.175082832,6.349412831,6.189096544,8.638169515
MB-0400,5.67285669,6.762600711,8.563686209,5.55746114,8.756703107,6.169657315,7.317332162,8.696669317000001,8.733567986
MB-0500,5.530611734,7.357145993,8.357984839,5.523879265,10.48640766,6.104685872,8.314739326,8.752170503,9.186714868
MB-0206,6.059664524,7.070676439,8.375636462000001,5.6864512839999986,8.742056194,6.9534610689999985,11.43566336,8.300984084,8.119003492000001
MB-0581,5.525813696,7.065428312000001,8.01042679,5.834413382,9.760367851,6.191837062,6.705330419,7.674880963,9.018995347
MB-0613,5.52153636,6.654214443,9.199650079,5.467422369,7.584511097,5.9998206210000005,6.630264971,7.082396726,8.805184062999999
MB-0214,5.5943869170000005,7.221954412,8.442314307,5.503522342,10.27855791,6.565866851,8.186227236,8.46122461,9.219106983
MB-0664,5.414165942,7.044570145,8.415998173,5.897823898,10.29897958,6.445943206,8.47028398,8.332507861,9.00654013
MB-0446,5.435586533,6.701017575,9.018567446,5.541084989,9.449518336,7.073633185,7.3043241110000015,6.861224552,8.498246369
MB-0424,5.6123279870000005,6.763437874,8.056336509,5.457446235,6.953817022999999,6.817297415,6.3962233689999985,5.640333213,7.794324017999999
MB-0115,5.55144632,8.079724716,8.167388216,5.643724579,8.640893758999999,6.751234674,8.066741829,8.169660322999999,8.113849416
MB-0354,5.7072595470000005,6.899874651,9.015113273999999,5.5312341589999985,8.646130638999999,6.96710088,6.9348891020000005,6.895690589,8.421341717999999
MB-0608,5.698470007999999,7.402314911,8.96469689,5.7722959839999985,7.243362132000001,6.119885689,7.306431932000001,7.73615197,8.37311823
MB-0893,5.760415512000001,6.414266107,10.01151537,5.584585724,5.988277825,6.685918568,6.572267774,6.1964761689999985,8.859356433
MB-0294,5.517088112000001,6.255387803,8.152279021,5.635525086,9.681700574,6.275177897000001,6.056195111,5.720606472,8.713170329
MB-0481,5.488822148,7.162492094,7.635113134,5.971186207000001,9.715398862999999,5.710273611,7.061455617000001,8.118430315,8.533116778
MB-0220,6.17969784,6.610242676,9.376925281,5.464620437000001,8.209496401,6.684205059,6.097833606,6.30624075,8.015389457000001
MB-0238,5.758496135,7.054231202,8.006276557,5.3750638010000005,9.154045184,6.72373799,8.002277122999999,7.417432729,8.415575664
MB-0525,5.39556832,6.678544692000001,7.712501327999999,5.535089889,9.414202994,5.7542514439999985,7.297818567999999,8.174498029,9.344252327000001
MB-0869,5.463426889,7.582704967000001,8.202099954,5.504005456,9.920052469,5.969079393,8.943859865,8.526085022,9.064433518
MB-4622,5.37713832,6.814899528,9.082092999,5.5089268570000005,8.297441175,6.255452407000001,7.438874165,7.190004083,9.916725773
MB-4640,6.178685794,6.56912763,7.4077671610000015,5.429663232999999,9.629245088,6.131158472999999,7.287568597000001,7.087002346,8.952886609
MB-4667,5.494368856,6.77821801,8.871189115,5.510010946,8.323034182,6.71841278,6.931616638,6.328212136,8.905734956
MB-4717,5.484762397000001,7.710947391,8.077631022,5.792379419,10.48575204,6.293485689,8.15558425,8.538430457999999,8.283633819
MB-4757,5.532658211,7.008697616,8.174734549,5.323659143,9.329532668999999,6.32621056,8.58683789,8.728802855,9.150572243
MB-4715,5.998881615,7.054166397,7.839063518,5.572779777,9.25777109,6.253690812,8.649629381,7.912899632,8.714150582
MB-5281,5.779296592000001,6.392398777,7.262374923999999,5.4256584110000015,8.40813634,5.7340089339999984,6.771661567000001,6.449645826,8.642831438
MB-4982,5.364988299,6.278537482000001,8.009887736,5.398275142,8.827184566,5.732174793,7.13750075,7.202372268,9.89546579
MB-5323,5.7469440889999985,6.843586772999999,9.838844936000001,5.615548723,7.252823975,6.9478973260000005,6.907519442000001,7.456378125,8.163477179
MB-4911,5.278669826000001,6.870182453,8.703972991,5.273208014,10.5649468,6.28687963,8.601217205,8.383137146000001,8.536577761
MB-4888,5.340961613,6.9509327,8.985309102,5.493612281,8.609478677,6.406006739,7.11441604,7.889074477999999,8.653942173999999
MB-4945,5.406760029,6.654771552000001,7.711678682,5.4541473489999985,9.012061776,5.904758431,10.22122927,8.042218429,9.305326026
MB-5052,5.9563472310000005,6.683598984,9.521604852000001,5.429459944,8.060523015,6.88582295,6.856901947999999,7.148636017,8.442624279
MB-5041,6.2274412360000015,6.700309654,9.460916418,5.706337106,7.079707374,7.170687422,6.55600868,7.205728993999998,8.452426639
MB-5072,6.0008836689999985,6.351092597,7.697960597000001,5.53884591,8.227071848,6.138834608,6.5943378510000015,6.5124879270000005,8.748345958
MB-5115,5.66001039,7.661594597000001,8.46132577,5.507035302999999,9.405748159,5.956679253,7.9909487110000015,9.446150475,8.723189872999999
MB-4733,6.025330295,6.43131098,9.204911633,5.577058419,8.812717731000001,6.2276106160000015,6.088007942000001,7.571597324,8.886000715
MB-4758,5.527568519,7.811922261,6.650568643,5.434532301,9.05331742,5.979839752,6.855076644,7.609120483,7.805803542
MB-4732,5.73349104,7.428924516,8.268486377,5.80340376,8.638411883,7.492727493999999,7.432422815,8.243280865,8.116998852
MB-5236,5.82827489,7.055803588,8.875775792999999,5.43904504,9.305181582000001,6.61277049,7.630579912999999,8.307869444,8.456514185
MB-4993,5.78806471,6.5338349660000015,7.765817963,5.665205348,9.14731146,5.988528649,6.783336586,7.039976782999999,9.124818556000001
MB-5222,5.731015167000001,6.778744637000001,9.333769076,5.45291272,8.16908241,7.010004569,8.803582057,7.693246808,8.738832017
MB-5232,5.6052314060000015,7.57150055,8.708257885,5.521951715,10.32832043,6.309029134,6.658129071,6.681368155,8.393433966
MB-5126,5.861978979,8.023330784,8.691887904,5.637860162000001,9.878650952000001,6.328804373,8.525821982,8.560971788,8.476817597
MB-5145,5.302729952,7.375808424,8.19735896,5.600555729,9.019919942000001,6.085984047999999,6.348717712999999,6.337469921,8.000395264
MB-4938,5.399570972999999,7.057465548,7.432452844,5.5611123660000015,9.841642198999999,6.484863624,7.544578254,7.555924728,8.761791667
MB-5070,5.468516987999999,6.936685596,8.631010616000001,4.9901973360000005,9.564456393,6.508710474,7.001148209,8.135617366,8.278719192
MB-4992,5.51169522,6.896234801,7.547355832999999,5.520517974,9.886781059,6.514201768,6.66766782,6.4525489889999985,8.908562697
MB-5392,5.82015673,6.654757768,8.411249841,5.662118332,7.691331586,6.783061587000001,6.702242921,6.404635114,7.840458937
MB-5138,5.598151333,7.044347396,8.988460986,5.522396576,10.90202031,6.5268921010000005,8.918652087,8.036960976,8.625620911
MB-5065,5.845978422000001,7.33932488,8.925656747,5.550925081,9.335685972,7.212566177,6.877405552000001,7.5939559239999985,8.123809472000001
MB-5058,5.945947258,6.469180729,8.039178448,5.767431022999999,9.282240939,6.239819769,6.688508502,6.487807953,8.813861421
MB-5258,5.543343892,7.124983816,8.371050728,5.913758044,10.18016305,6.266961123,6.951600052000001,8.1768353,9.8346312
MB-5421,5.769792046,7.67249364,7.4148027339999985,5.599945989,8.099699521,6.2505988289999985,8.121333436,7.864779276,7.603067452999999
MB-5348,5.826560617,7.1422840989999985,8.773881237000001,5.468958364,8.725135741,6.817676496,7.294346533,8.01794305,8.15285585
MB-5299,5.504155475,7.694742983999999,8.017990102,5.658541187000001,8.654451241,6.463374267000001,8.171940341,8.543159278,9.143631897
MB-5408,5.582337741,6.6445116560000015,9.208568999,5.785443702999999,7.542064849,6.818119984,6.1469543139999985,6.569271737,8.362081178
MB-5100,5.740030214,6.981554882,8.782115536000001,5.801644423,8.026286928,7.0437639989999985,8.9134356,8.986488777,8.829091909
MB-5446,5.474249521,7.01425393,7.376720262999999,5.623868537000001,8.506666183,6.3144880610000005,7.1901324560000015,6.6505453260000005,8.751105804
MB-5427,5.436312674,6.8663360839999985,6.337698904,5.452426971,8.554356422,5.905490404,8.865583572,7.90884228,8.403422574
MB-5390,5.572881906,6.953938352000001,8.059430967,5.4988925,10.48553941,6.368199522,10.32227318,9.227346017,8.868499982000001
MB-5209,5.6677917189999985,6.22646955,8.74611628,5.342004963,8.669670294,6.67891486,9.499461162000001,8.232728303,8.688852895
MB-5213,5.441610441,6.765593214,8.498113962,5.518406752000001,10.1657791,6.3361199,7.98792761,7.78208182,8.81184219
MB-5223,6.096485865,6.99019337,8.889565001,5.572054605,7.824619875,6.558930294,6.39544325,6.843286551,7.905494527
MB-5616,5.670780177999999,7.489101037,8.568859649,5.709091703,8.968822735,6.978073519,7.385040513,7.296820402000001,8.540785566
MB-5602,5.6666935989999985,6.774624501,9.247327298,5.486973562,9.876787141,6.580152345,6.65229866,7.160411129,8.437490283999999
MB-5634,5.545569515,6.599338835,9.13134498,5.592516838,8.245662496,6.554088823,7.562927612,8.189585456,8.494796013
MB-5651,5.632280297,6.65607601,8.590410103,5.4980467960000015,9.016650873,6.489185266000002,6.979225877999999,6.830883975,9.547337561
MB-5548,5.60809887,7.120461193,8.103397809,5.782045459,8.40516944,6.578320262,6.527867712999999,7.709505823,8.030830082
MB-5526,5.712033646,8.34977394,8.260020217000001,5.516615653,9.019879368,6.348413719,8.04158517,8.335922177,9.022704197000001
MB-5531,5.804761115,8.052677134,8.962694194,5.481492562000001,8.935996629,6.331861118,7.630537032999999,6.812622067,8.931881849
MB-5551,5.499456737,7.772659977000001,8.150139481,5.665986729,8.487306075,6.135620041,8.392690766,7.773815882,8.863500157999999
MB-5560,5.650075048,7.677687291,8.507642981,5.595927958,9.382824805,6.268905517,8.886998924,8.162173746,7.9222923289999985
MB-5529,5.535151037,7.339485403999999,8.395327397,5.427082021,9.776680028,6.418481977999999,10.58726222,8.582481291,8.066184857
MB-4408,5.24895189,6.668989132999999,8.327379852,5.656321397,9.403266148,6.373361107000001,8.847366708,7.488345125,9.37353426
MB-4146,6.104800861,6.965972962,9.266413016,5.367989667,9.566303113,6.743086415,9.263318574,7.070126186,9.506680768999999
MB-2963,5.507114183,6.579203292000001,8.474261559,5.379259032,7.416941401,6.30636195,6.141273842,6.475055565,7.818068507
MB-2957,5.413760409,7.434452332,8.301167637,5.449128438,9.438824947,6.14143598,7.715400927999999,6.877174833,8.392287942000001
MB-3063,5.543343814,6.553940804,7.717393387,5.826373292,9.216692338,5.973079296,7.594401274,8.010496096,8.910527265
MB-3046,5.33555451,6.638283912,7.597764774,5.5997203089999985,8.443072358,6.184245657000001,7.217219458,7.910109079,8.99308771
MB-3067,5.776336652,7.385367088,8.050524447,5.514272431,9.503041987000001,7.124874201,7.2644120239999985,7.799023232000001,7.766173866
MB-2754,5.637307927,6.907049458,7.524916289,5.663771593,9.356514962,6.259545116,5.912429682999999,6.683680659,7.939270425
MB-2753,5.53983843,7.436034639,7.786388735,5.43609974,8.202619279,6.106933235,8.768093529,8.6921478,7.968464431
MB-3014,5.424006508,6.777049482000001,8.662668357000001,5.389394495,9.582143765,6.62216466,8.411359146,7.072788588,8.70726207
MB-3476,5.904739813,6.763320031,8.575863648,5.556785276,7.982184366,7.816589404,8.436562415,7.6565851710000015,9.103666203
MB-3277,5.574595863,7.729465435,8.244102128,5.52647985,8.696266457,6.056308838,8.306770582999999,8.231837958,8.237180673
MB-3271,5.658232118,8.196481815,7.472382667000001,5.585929172999999,8.647726678,6.540258564,8.23912846,7.297156431,8.495677654
MB-3292,5.821038637000001,7.163504842,8.395099132,5.321558269,8.329770087,6.220833839,7.903836155,7.61849648,8.473523875
MB-2556,5.737762383,6.258436704,8.364454934,5.430299897,5.628350822000001,6.741789259,6.349767673,5.518121295,8.04472444
MB-2922,5.361247695,6.54127081,7.418028177999999,5.295326901,8.719829175,6.3140763810000005,8.508620771,7.035571447000001,8.727247765
MB-2917,5.410928979,7.414436200000001,7.811415038,5.365967221,9.164886618999999,6.408382927999999,8.659473791,7.69931995,8.961051931
MB-3706,5.339075212,6.749224306,7.762726783,5.337744605,9.234640909,7.207099447,6.917106058,7.153406076,7.934934694
MB-3453,5.434703796,6.809051987,7.774860997,5.227485837,10.25516417,6.177391161,5.917102895,6.546633536,8.550542444
MB-2842,5.42383354,7.079434486,7.146549792999999,5.51851094,9.339668445,6.162298607,7.299662829,8.187204808999999,8.175646401
MB-2912,5.627642957999999,6.918532594,8.00585286,5.340682367,9.305944123,6.378653758,7.416344277,6.852651632000001,9.019450809
MB-2849,5.56320055,6.821553625,7.917695697,5.387755447999999,9.438421616,6.759343258,6.835768315,7.510146242,8.768646617
MB-3058,5.440834364,6.827352169,8.251046077,5.470419141,8.763814168,6.166493349,6.5701342710000015,6.841012852,8.641301334
MB-3057,5.505601474,7.550094262999999,8.405364326,5.490284485,9.503622497,6.237938182000001,8.11456401,8.659264309,8.225437134
MB-3395,5.78786308,7.29662749,8.433927157000001,5.552179917999999,8.642785715,6.712634712000001,6.2299126089999985,7.451864667000001,8.087622604
MB-3123,5.489813729,6.676481991,8.080979896,5.627486104,9.333787316,5.912215164,8.400775637999999,8.162736265,8.010822298999999
MB-2834,5.456931968999998,6.625562134,8.146052932,5.594456126,8.135208052000001,6.507194523,6.126730839,6.94763865,9.195630031
MB-2857,5.861861544,6.894929958,8.706107167999999,5.503196442999999,9.079819939,6.884413405,6.684037504,6.581540303,8.015146223
MB-2827,5.59441441,6.995216887000001,8.812266686000001,5.528559845,9.094417105,6.4039598710000005,7.849723527,8.1165539,8.355907778999999
MB-3702,5.655059838,7.213221497999999,8.236906298,5.38028825,8.080618081,6.131037227,7.513707928,6.637171842000001,8.201392556
MB-3502,5.621960372,8.01266794,8.280240287,5.902442912000001,9.149774169,6.160031861,8.672536083999999,7.410638226,8.625852089
MB-3567,5.602771852999999,7.984117247,8.897216838,5.473199218,8.67386628,6.855420859,6.377736036,6.923165437000001,8.926549934
MB-3752,5.940108737,7.630781588,9.539574863,5.5485959089999985,6.868240723,6.911284817,7.03426437,8.112305843,7.737115757000001
MB-0079,5.71998755,7.493843568,7.066873471,5.480582227,7.652561627000001,6.184424093,6.390725523,7.226471227999999,8.027209089
MB-0062,5.646977835,8.759215702,6.773415567000001,5.6695889789999985,8.360418995,6.611195099,8.134239948,7.32329919,7.509111766
MB-4015,5.352099894,6.948194731,8.006829768,5.643944778,9.335180264,6.272911438,6.7031587870000005,7.501218613,9.348161198
MB-2929,5.876601859,6.531322668,7.750715914,5.3904221360000015,8.715827922,5.69532555,6.616767393,6.614695338,8.545850762999999
MB-2724,7.161329137,6.7622394739999985,9.483142151000001,5.412779192,5.363314702,6.7368872,6.43605315,6.542352239,7.583689727999999
MB-3062,5.720479932999999,7.282649767,8.434915617,5.622783104,8.206837325,6.621312926,7.463230876,7.980880665,8.377818981
MB-4707,5.580606772,8.013386958,8.297845105,5.890360758,9.582710176,5.842405199,8.159321565,8.528205088,8.386875871
MB-3383,5.32860335,7.110607998,7.45564243,5.515964321,7.918489985,6.200417419,8.602801165,7.98308657,8.286103454
MB-3297,5.821890407000001,7.43206816,7.065817943,5.334861378,8.026595129,6.540998894,6.928173677,8.284851037000001,7.805507428999999
MB-7114,5.5908289889999985,7.453552421,8.461793734,5.394467958,9.896455383,6.099873124,8.157702809,7.787526700000001,8.813914785
MB-7208,5.803147101,6.828695563999998,8.175427006,5.421760524,9.693125925,6.798448054,7.729308702000001,7.440333898,9.23380697
MB-7252,6.359608616,7.028674187999999,9.045932339,5.412912997,9.822393969,6.441777154,7.40749073,7.817265282,8.702133132
MB-3001,5.806860366,7.612621477,7.7546406810000015,5.77495003,9.322663542999999,6.437339848,8.619736421,8.105716888,8.547957301
MB-7066,5.893891642000001,6.578084082,7.041901872,5.477119412,9.749245917,5.995485934,6.144420714,6.5470860160000015,8.74968279
MB-7057,5.581310847999999,7.007156423,7.598260785,5.3610983580000005,9.117353189,6.4164743820000005,6.185818969,6.343692485,9.216737614
MB-7023,5.564772661,7.2209105189999985,8.204776514,5.475705425,8.252445407,6.450403787000001,7.313742652999999,8.664306956,8.73227354
MB-7017,5.541716837,7.217940952999999,8.300736022999999,5.6569353410000005,8.679121319,6.430355737,7.890867484,7.438962312,8.271460199
MB-3500,5.507024059,7.286583917000001,8.498753264,5.292431768999999,8.557114412,6.197718523,8.987281857000001,7.401715426,8.111468373
MB-3396,5.192741198999999,6.55045039,8.265947394,5.418237261,9.37489005,6.294158207000001,7.406803298,6.316303862000001,9.203283315
MB-7145,5.497214102999999,6.914092754,8.654618466,5.386172965,9.765927151,5.8338022889999985,7.124863469,8.291104847,8.680052961
MB-7155,5.88798266,7.1914345,7.746328574,5.749743128,8.203509116000001,6.663436686,8.520521485,8.737746421,7.840649482999999
MB-3218,5.754115721,7.33923197,7.809330849,5.567915325,10.14612375,6.031737197000001,8.332076489,8.577877032,9.039898131000001
MB-7270,5.766905692999999,7.972746237999999,9.443057602,5.50024141,9.631040522000001,6.514629072999999,7.819897668999999,8.557806969,8.954174038
MB-7269,5.536321922999999,6.778535158,8.103283848,5.502176583,10.02880805,6.451681343,8.75903525,7.909243677,9.276387121
MB-7008,5.763456288,6.33646786,8.401593286,5.453320754,8.363647722,6.033098169,6.296082612,6.076395769,8.547228763
MB-7007,5.810128142999999,8.099347118999999,8.174985697,5.678957221,9.918777275,6.143062305,10.63554675,8.208014647,9.360649537
MB-7009,5.492953002,7.714533677,7.959333155,5.240096527,8.543344584,6.401101464,7.806506652,8.056208018,7.931710555
MB-3153,5.798318121,7.144407125,7.932111577000001,5.490406158,9.033943395,6.122368709,9.15341529,7.342334693,8.623256035
MB-3211,5.524677509,6.924277263,8.012470015,5.583719462,8.341949026,6.119609854,7.727914931,7.697242277000001,8.328357522000001
MB-7081,5.813168604,7.988027955,9.153158105,5.61764266,8.6383881,7.320191594,8.020261415,7.559169177,8.505792008
MB-7055,5.415598211,6.8362770610000005,9.145101167,5.724368209,8.141799888,5.9866771660000015,8.354910874,8.3648883,9.756288138
MB-7121,5.947770143,6.952149166,8.988234022,5.541440356,8.052580792,6.724472626,8.77813355,7.586089051,8.921822959
MB-2771,5.535207252999999,6.899764886,7.148412289,5.326259458,9.07122936,6.212065261,6.823255711,7.561481712999999,7.880157962
MB-7158,5.839698515,6.7006725189999985,9.249278778999999,5.647185153,9.011730641,6.5692697870000005,7.175497067999999,6.7589047760000005,8.547228763
MB-7258,5.574293262,6.499292782,7.207605551,5.385198451,9.699893878,5.514984078,8.196596013999999,8.251116834,9.516851427999999
MB-2993,5.750282557999999,6.891560902999999,7.791695516,5.427298494,9.083865411,6.350223589,6.744283952000001,7.572372297999999,7.71155547
MB-2904,6.190734309,6.666675213,8.265681106,5.538408535,7.658215267999999,6.40581877,8.065525843,6.921511177999999,8.112043322
MB-7154,5.7099737,7.144407125,8.813906783,5.289742109,8.771532675,6.932510759,7.889834058,7.664365391,8.214534779
MB-7151,5.308684109,7.016441179,6.691976968,5.465710477000001,8.69040773,5.915114665,8.343800568999999,9.544203668,8.382338117
MB-7165,5.81433414,8.21159095,8.554989256,5.391459285,9.911134308,6.802958566,8.352471716,8.64632074,7.962958391
MB-2850,5.715427288,6.664521664,8.524202453,5.312182552,8.447127023,6.767386294,7.492568759,7.657950231,8.604885548
MB-7267,5.545945745,7.185503365,8.084892466,5.743205621,9.101870956,6.20204192,8.298101812999999,9.240143877000001,8.294902388999999
MB-2833,6.457744185,7.402157892999999,8.278077613999999,5.594150115,7.556147066,6.744968577000001,6.52716213,6.856143009,7.616417476
MB-7052,5.792426552999999,7.10483028,8.128801605,5.574179462999999,9.743492524,6.376745708,8.489112419,8.381039125,7.732430292999999
MB-7090,5.380184741,7.48455482,7.956407574,5.398191081,9.905890863,5.783571557999999,7.39089187,7.552593674,9.080608147000001
MB-7087,5.443823957,7.2362226939999985,9.464891707,5.454157325,8.505327058999999,7.055478189,7.388779004,8.127024303999999,8.672517312
MB-7025,5.91491807,6.742760727,9.033744746,5.4045497010000005,8.042424091,6.8172735960000015,7.422767241,6.794698252000001,7.906123846
MB-7036,5.34984356,7.666306668,8.089696904,5.52602585,10.46688242,6.735420877999999,8.695865733,8.170096297,9.024013169
MB-4769,5.439953284,7.100660596,8.4908628,5.78930426,10.11032328,6.135179171,7.199416993,8.249881137000001,8.854470053
MB-4793,5.340602124,7.332126366000002,7.773126126,5.578949808,9.81153027,6.731431353,9.471930565,8.348152189,9.452843915
MB-4679,5.589000499,6.988402262999999,8.802253212,5.633212247,8.704790285,6.8150073660000015,9.068683879,8.370652468,9.170556716
MB-4660,5.569896096,7.33301078,6.936858344,5.470099498,10.82968914,6.061483599,8.687469817,7.068623637000001,9.413188137
MB-2718,5.663601504,7.816240844,8.217913223,5.434393646,9.963382698,6.845400247000001,7.91296084,9.06910633,8.737746421
MB-2643,6.271632905,6.629972832000001,9.558442068,5.38905338,5.554058553,6.484831449,6.84016517,6.728878342000001,7.650189855
MB-6305,5.517357255,7.094006715,8.583787743,5.43794563,9.450985973,6.638296061,6.968421833,7.467236683999999,9.090256463
MB-6248,5.3926185570000005,8.175970165,8.586019557,5.386306052999999,10.37748652,7.517484117,7.332591955,7.578964852,8.379065814
MB-6223,5.788519981,6.37918506,8.557217386,5.609975436,9.461865697,6.118606566,7.375752114,7.116044659,9.528608092999999
MB-6188,5.591956634,7.555418357000001,8.375296267000001,5.167581544,9.627006558,6.58662293,8.792710935,8.161320706,7.877011443
MB-6318,5.6076228310000005,6.832101582000001,8.459315817,5.450046966,9.081713876,6.514957478,6.502072132,7.33649432,8.76391383
MB-6280,5.637425716,6.60145514,7.441973358999999,5.665600303,9.919725439,6.383847578999998,9.422534082,8.279979128999999,8.280577831
MB-6098,5.305643981,6.621985546,7.626756155,5.422299524,9.600853889,6.489446279,8.073657868,8.397978784,8.878044804
MB-4974,5.3917978810000005,6.7622394739999985,8.656537312000001,5.758405278,9.50197338,6.554127265,6.988923927999999,7.4553794789999985,9.285078232
MB-4696,5.505055727,7.3780793939999985,9.059413068,5.532635677999999,7.407700997,6.367824462000001,7.33915722,7.517012576,8.725354029
MB-4714,5.49944905,6.792836685,9.24469913,5.438285114,9.305947446000001,6.792091382000001,8.581231043999999,7.962958391,9.892730836
MB-4881,5.534408029,7.109788565,8.865995905,5.581642896,9.902424985,6.069310787999999,8.24892353,8.694518939,8.356560311
MB-4904,5.743198531,7.001999597999999,9.689687434,5.423864096,8.251052539,6.731784387,7.732828342,8.052868145,9.177752948
MB-4865,5.41872644,6.968072405,8.725421281000001,5.458422267,7.926186512999999,6.394602595,7.743354345,8.866161813,8.768795847
MB-4416,5.334447322,6.575355513,9.401327898,5.478142465,8.278120102,6.652769056,8.975493755,7.376285615,9.242295347999999
MB-4407,5.861460533,6.038762957,7.293004353,5.186554356,8.693977971,6.0945841960000005,6.943363593,7.0964971320000005,10.00410465
MB-4254,5.818866783,7.150275776,9.608956639,5.535618246,8.681899636,6.44113384,7.870508629,8.333420919,8.68609954
MB-4621,5.346728687,7.74490403,8.52416026,5.4350698689999986,8.950703171,6.087880232000001,8.518219681,8.814764478999999,8.830385062000001
MB-4893,6.00177169,6.972833466,9.13988967,5.476830518,7.990742387999999,6.862297892999999,7.818734117999999,7.749987635,8.489410784
MB-4859,6.304073745,6.354732151,9.215400821,5.620833407,8.338497817999999,6.651367486,6.333256466,6.165992789,7.78853005
MB-4942,6.14011873,6.849237473,8.802963231,5.565928849,9.664589952,7.202978034,8.05050436,8.558510147,7.933876402
MB-4928,5.649967066,6.330767077999999,7.950107252,5.563666769,8.500932237,6.333756788,6.756354205,7.4143738689999985,8.723850179
MB-4792,5.323632476,7.621683508999999,8.2611782,5.53889625,9.684631347,6.584892977999999,8.538435972,9.247522819,9.196075472
MB-5008,5.462279876,6.874231806,7.772235955,5.393744517999999,10.05988725,6.158454663,10.08256632,8.221776464,9.711409155
MB-6152,5.759523695,7.040368934,9.179198662000001,5.559228097,9.088401527,6.325171991,7.511680275,7.680592655,8.804947109
MB-5295,5.474729048,6.575355513,8.081608904,5.771442642,9.906302311000001,5.849376202999999,9.537098257,8.055091479,8.392811473
MB-6058,5.500312774,7.044453608,9.00012403,5.531214324,10.05993108,6.717240966,7.485170395,7.749987635,8.943707533
MB-6052,5.76731358,7.1766559060000015,8.329485166,5.514063243,8.171837169,6.46641458,6.517220404,6.253756347,7.893901737
MB-5335,5.486085215,7.46037607,6.824581388,5.835641272999999,8.96822202,6.1990865610000006,8.076049244,7.646353099,8.73624643
MB-5135,5.384686042999999,8.333420919,7.583630034,5.620639754,7.900125524,5.604573018,7.824737542999999,7.873860704,7.383001028
MB-4880,5.3276658260000005,6.60145514,8.411003055,5.356396787,10.38786821,6.604948239,7.716114972000001,7.904505956,9.571953398
MB-5057,5.66328129,7.87015822,8.699212759,5.3904221360000015,8.948153572,5.80565002,7.851184296,8.521889076,8.483956284
MB-5102,5.5330265810000006,6.963368792000001,8.245637327999999,5.479592163,8.95672752,6.659116666,8.953972538,8.154238371,9.244408341
MB-6272,5.712849147000001,7.150713121,8.195386225,5.724368209,7.5793939739999985,6.726316635,7.707173974,8.184772522000001,8.164240629
MB-6245,5.591512839,7.891775478,7.757785727000001,5.423563364,9.00269376,5.797684232000001,8.577531354,8.181807205,8.447425001000001
MB-4303,5.497558337999999,6.0819128939999985,8.559480857999999,5.571244029,8.505949916,6.479420222000001,8.564882835,6.921511177999999,10.28566022
MB-6055,5.8014251670000005,7.442612767999999,8.651287862,5.524469797999999,9.297707596,7.01684302,6.927961643,7.593329565,8.819752503
MB-6336,5.357889712,7.131323503,8.544200662,6.120598565,8.993430012000001,6.173629259,9.162331452,8.01174703,8.851206363
MB-4351,5.4556023210000015,6.678372612,8.216523901,5.934051827,9.165696432,6.104059419,7.732870616,7.732927725,9.744106162000001
MB-5208,5.305795292,6.9411389739999985,8.06701937,5.4877339360000015,8.156551392,5.978160452000001,7.423275257999999,7.391910944,9.194036809
MB-5440,6.015378374,7.345053574,8.951916364,5.715186196,8.40286594,7.282206423,8.53226077,8.438069721,8.826271276
MB-5298,5.288012217,7.03025233,8.435859764,5.658989028,9.637961755,6.2223853789999986,9.389651642999999,9.301403034,8.241862849
MB-6144,5.75623201,6.7187128660000015,9.801348627000001,5.431761835,9.079526185,6.515302761,7.166959502,7.629803601,8.409261839
MB-5346,5.624895433,7.113511363,7.018701967,5.9436828770000005,7.627856258,6.240876638,7.829490807000001,8.74647504,8.818048062
MB-6178,5.30734999,6.592134951,8.016627133,5.178402422,9.518668983,6.1532817060000005,6.973924123,7.612621477,8.813102595
MB-6062,6.511650474,6.823366216,10.13755383,5.447057301,7.871446341,7.458098862999999,6.997436423,7.948874185,8.384887985
MB-4417,5.688730213,6.668100302,8.255679032,5.517211904,9.462917221,6.419293893,7.682054791,7.889641152999999,10.16088437
MB-4332,5.418776076,6.473871545,6.49525284,5.463516318,9.586989831,5.925326212000001,8.309717331,7.756437111,9.255903035
MB-7205,5.7405730460000015,6.63622072,8.150684405,5.82884122,8.998786163,6.0888406470000005,7.330142417,7.794693829,8.957720195
MB-7159,5.126058029,8.72994463,8.149417317000001,5.956663194,11.27846018,5.869687178,8.476078245,9.020210954,8.770433552
MB-4354,6.082584146,6.129390664,8.102405376,5.123397448,8.306978811,6.372758342999999,7.687414522,6.625456166,9.836234979
MB-6143,5.4390214289999985,6.977226158,7.556092476,5.508405187,8.114304771,5.948364842999999,6.231409206,7.94671616,7.560101023
MB-5148,5.680536012,6.333756788,9.216210313,5.5283959010000014,8.794305105,6.249008862,6.356702681,5.747800772000001,8.926092322
MB-5225,5.647314296,7.848408652000001,9.406308348,5.338030765,9.585631163,6.281757817999999,7.532190501,8.238773173,8.409261839
MB-4024,5.411246297999999,6.842756194,7.58480407,5.383147815,9.901489137,5.9330891160000006,6.9640607910000005,7.433413566,8.128776907
MB-6242,5.2743907,8.952479593,9.275270858999999,5.434698187,8.902275787999999,6.444049549,7.964428943,8.53107877,9.04460851
MB-6237,5.373352775,7.390130752999999,7.885436417,5.3900231660000015,9.615156725,6.1932059310000005,7.5858406239999985,8.173024972,8.385571426
MB-5173,5.53178123,7.058366491,8.491071311,5.594934435,10.00866216,6.094823477,7.639642338,8.196637011,8.622487824
MB-5162,5.361728281,6.271767717,9.428555942000001,5.374549352000001,5.690727097999999,6.194252517000001,7.254708117000001,6.871138706,8.617280147
MB-5235,5.473175017000001,7.720475744,8.105274773,5.407673861,9.046007218,5.858849442,8.239880136,8.079349857999999,9.533756015
MB-4931,6.026826647999999,9.045510407,9.469824706,5.65289477,5.425044227000001,6.352027388,7.399792144,8.293013721,8.30180424
MB-7045,6.4412943920000005,6.517640856,8.021504817,5.402006777,9.219900261,6.0989087820000005,6.639000564,6.366604232,8.35845292
MB-7049,5.68596151,7.253471311,6.713867672999999,5.504863971,9.089640223,5.8387217960000015,7.060302289,7.375397995,8.319480536
MB-7031,6.28680196,8.715384007,7.387454058999999,5.724785022000001,10.35058332,6.225945595,8.929835415,9.297022758999999,8.0653723
MB-7078,5.439455565,7.209049357,8.018343776,5.455750777,5.888004799,6.438281644,7.8799094689999984,8.322632828,9.26869758
MB-7038,5.849363788,7.532454747,7.646191022000001,5.752061466000002,8.03134727,5.884432697,7.993062177,6.875766923,8.053959281000001
MB-0399,6.336912392,6.70570602,7.87625788,5.470639599999998,9.156080372,6.177552379,6.458870476,6.946619509,8.924355805
MB-0265,5.770976527,7.190995179,8.444834635,5.409163471,8.539413489,6.735060927999999,6.26333132,6.528620994,7.689999546
MB-0191,5.55136822,8.115486434,8.816493288,5.553476822,9.288181462999999,6.359608982,8.39166666,8.601157066,8.752017256
MB-0558,5.5527435239999985,7.1197968970000005,8.056684088999999,5.691709406,8.053056709,6.390936614,8.397151043,8.951619436,8.502374985
MB-0284,5.5763509010000005,7.813645092000001,8.316346495,5.637055414,8.199203913,6.272344201,8.144184322000001,7.388783331,8.268981831
MB-0639,5.293759797,7.665342928999999,8.67705226,5.738029663,10.15926181,6.076896447,7.97692224,7.926344745,8.097612267
MB-0318,5.242119858,7.071884759,7.164172757999999,5.583082964,8.682288522999999,5.93942141,6.348021599999999,5.8338022889999985,7.751485213
MB-6251,5.503223123,7.809588248,7.106049814,5.709593896,8.471824271000001,5.889317628,7.065142308,8.037795142,8.193088043
MB-0489,6.397220629,6.362959227999999,10.10864225,5.694605289,6.374273632,6.746403422,5.8512592,5.699378293,7.893901737
MB-5450,5.791704997999999,7.592394614,8.415697318,5.349958255,9.551759987,6.4716184010000015,7.690986874,9.102909074,8.603370714
MB-5155,5.3805363470000005,6.58386633,7.829669737000001,5.851798211,8.002152371000001,6.047823645,6.348006682,6.06196568,8.192506737999999
MB-0100,5.557883441,7.718019609,8.763728055,5.614022372000001,8.6400765,6.318094163,7.964600588,8.372630143,8.913992332000001
MB-5572,6.047654698,6.76848616,9.77766841,5.270227653,9.15621123,7.283954666,6.296600288,6.961795023,8.276925927
MB-5655,5.539161858,6.415230912999999,6.989446247999999,5.57103714,8.361084316,5.938845344,8.700468143,8.423870112000001,8.851206363
MB-5577,5.970871869,6.458757599,9.124799533,5.357272,9.438794816,7.053030815,6.170408032999999,6.792836685,8.535213824
MB-0200,5.301525325,7.467701872999999,7.291277714,5.531901325,9.125051523,6.568595866,9.028048387,8.53871609,9.039000486
MB-5633,5.756267594,6.443394947000001,9.657010434,5.414290655,5.8042400160000005,6.61572656,7.178765932,7.231985062000001,8.434701464
MB-0278,5.188656385,7.202978034,6.516526138,5.715785112000001,8.462387482999999,5.556128874,8.079209966,8.151857725,8.661322233
MB-0627,5.547166716,6.55277312,9.005098693999999,5.659756136,8.988761925,6.96218843,6.639933735,6.951352241,8.56926849
MB-0634,5.629785612,7.197004538,9.002997019,5.71291671,7.668991492000001,6.940731854,5.428224052999999,5.523631311,8.001786068
MB-5624,5.354308842,6.359608982,8.632275423,5.590966698,9.731476169,6.319231798,7.619063866,7.578009411,8.713788143
MB-5566,5.618357719,7.1598757389999985,8.783035272000001,5.430718047,9.303842051,6.1749247810000005,8.040583829,8.154824801,8.091860589
MB-0127,5.295598284,6.733938049,7.832057457999999,5.506005441,9.854285688,6.279771221,6.140943798,6.119104723,8.630729364
MB-0414,5.798193747000001,8.208590366000001,8.255061839,5.4697401160000005,8.721533758,6.6198884210000015,8.347802784,8.252946139,8.232597797
MB-0259,5.414113231,7.155702006,6.969954546,5.653848025,10.147441,5.806073557,9.848813762,8.446048715,8.917449862
MB-0396,5.9708942060000005,7.644415277,8.28675222,5.513218662000001,9.147951512,7.132138692000001,8.625535653,9.315757565,8.452693262999999
MB-0874,5.504728797,7.110607998,7.213920183,5.3949654670000005,8.562692675,6.065769124,11.29308082,8.318244422000001,7.8520362010000015
MB-0179,6.072172566,6.86267276,8.950221078,5.287667578,7.193693818,7.127591408,6.061583126,6.124137024,8.175970165
MB-0269,5.793256326,6.525926857000001,8.572505024,5.721302304,5.965795795,6.280636567,6.48877344,6.689845433,8.589374229
MB-0582,5.7107337660000015,7.97652345,8.078232861,5.611809052000001,9.77285629,6.3942877110000005,7.643401187999999,6.775175845,9.248599018
MB-0901,5.407249042,7.091550251,8.325576277,5.738578035,9.629819596,6.325171991,7.211321706,8.903630521,8.465486754
MB-0464,5.6673838660000015,7.260870379,8.531672522000001,5.506629905,10.0116386,6.129906796,7.526934937,7.54977118,8.410635852999999
MB-0163,5.391951649,7.683560446,7.583256753,5.76448362,8.139731816,5.7692430020000005,6.374715915,8.716163319,7.730417859
MB-0149,5.325092211,7.390582255,6.908793165,5.716387707999999,10.19303272,5.717993714,7.803719069,8.699095299,8.677746297
MB-0350,5.5578652,7.161124142,7.127670501,5.74802583,7.156189968,5.675621265,7.372345598,7.940279482999999,8.462053087000001
MB-0495,5.533927386,6.7574366339999985,8.42214381,5.981690027000001,7.64938539,6.149670173,6.331745009,6.566551922,8.360376065
MB-0470,6.073842797999999,6.452652825,6.1279940260000005,5.589297502999999,5.58074266,6.10134823,6.721305535,5.300992132,7.577069347999999
MB-0303,5.704698528,7.292680377000001,8.280922955,5.726033692000001,8.828756263999999,6.37918506,6.343312377,7.474525466,8.421216678
MB-0340,5.253989407,6.7589047760000005,7.612014537999999,5.616385161,9.594177075,6.0217118560000005,8.859641397999999,7.79622164,9.366414434
MB-0502,5.391183872999999,6.178888695,9.922123848,5.646823297,5.494221627000001,6.4584247160000015,6.624621772,6.387257549,8.35845292
MB-0289,5.746892497,6.25546489,9.501242656,5.640538089,5.808888802999999,6.6963018010000015,6.384857526,6.167816352999999,7.975983715
MB-0436,5.344842296,6.969254734,8.049201849,5.6324009870000005,9.268284182999999,5.867715887,6.860080551,6.549076216,8.125891017
MB-0211,5.35104721,6.343692485,7.840073122000001,5.528140119,9.583461321,6.041019896,6.120588527000001,6.865705575,8.769599788999999
MB-0588,6.187605792,6.49270461,7.874188641,5.733180731,9.180845689,6.027045969,6.114931295,6.187885227000001,8.806551921
MB-0188,5.521838806,7.1905746420000005,8.071623436,5.498776951,9.831771802,6.421827757000001,6.195958775,7.415712835,8.841996963
MB-0617,5.588748458,6.748634079,8.499062217999999,6.004857311,5.980901339,6.4930308010000015,5.371039289,5.319857545,8.027209089
MB-7225,5.439261928,7.652163586,7.60010567,5.631661676,9.528602266,6.381043395,8.298612314,8.02831421,9.195065286
MB-7089,5.77548006,7.161547121,8.38652011,5.394236399,8.601342697,6.291275285,7.585724778999999,8.240644159,8.847930085
MB-7030,5.873596977,7.694830333,7.725705752,5.604098548,9.031120632,6.511286452,6.6699882210000006,6.504914127999999,8.083349256
MB-7119,5.460406672,7.388783331,8.734870935,5.635878322000001,8.329964812,6.579111601,8.821422971,8.442072598,8.809829744
MB-7012,5.254294225,7.847385693,8.071500898,5.847666964,10.0620623,6.919548347,8.409470437000001,8.667242175,8.680052961
MB-0174,5.7963133189999985,6.9234892420000005,9.342734112999999,5.608817329,8.224197802,6.762951435,7.617042414,7.34011626,8.653760831
MB-7039,5.533281219,7.024158084,7.524919811,5.48318929,8.655280706000001,6.336153479,6.328801704,6.559208787999999,8.000625304
MB-5547,5.450686126,7.650666545,7.919039367000001,5.773330822999999,9.493702743,6.055482818,8.871601777999999,8.703694209,8.091860589
MB-5465,5.515884069,8.169508169,8.034081011,5.246400146,9.367163006,6.074249132,7.14313561,7.951598682,8.16604035
